0 0.671875 0.018072 0.051562 0.030790
0 0.596875 0.087015 0.046875 0.045515
0 0.663672 0.151272 0.047656 0.056225
0 0.624609 0.223561 0.050781 0.053548
0 0.691406 0.283133 0.056250 0.062918
0 0.637109 0.344043 0.046094 0.050870
0 0.695703 0.402276 0.050781 0.060241
0 0.654297 0.478581 0.046094 0.049531
0 0.703516 0.545515 0.049219 0.060241
0 0.655469 0.603748 0.046875 0.056225
0 0.699609 0.669344 0.049219 0.064257
0 0.650781 0.733601 0.051562 0.061580
0 0.701562 0.795850 0.046875 0.057564
0 0.652344 0.863454 0.046875 0.058902
0 0.704688 0.924364 0.046875 0.060241
0 0.654688 0.981928 0.045312 0.033467